0,568
0,567
230,36
0,566
0,565
230,35
9,7
9,1
9,5
9,2
9,3
8,12
8,10
8,18
8,15
8,5
19,1
19,3
221,7
221,6
221,5
221,4
221,3
221,2
221,1
221,0
220,4
220,3
220,2
220,1
220,0
218,3
218,2
218,1
218,0
217,5
217,4
217,3
217,2
217,1
217,0
215,7
215,6
215,5
215,4
215,3
215,2
215,1
215,0
214,5
214,4
214,3
214,2
214,1
214,0
213,5
213,4
213,3
213,2
213,1
213,0
212,8
212,7
212,6
212,5
212,4
212,3
212,2
212,1
212,0
211,3
211,2
211,1
211,0
210,3
210,2
210,1
210,0
209,3
209,2
209,1
209,0
205,7
205,6
205,5
205,4
205,3
205,2
205,1
205,0
204,5
204,4
204,3
204,2
204,1
204,0
203,5
203,4
203,3
203,2
203,1
203,0
200,5
200,4
200,3
200,2
200,1
200,0
199,3
199,2
199,1
199,0
197,8
197,7
197,6
197,5
197,4
197,3
197,2
197,1
197,0
196,4
196,3
196,2
196,1
196,0
190,5
190,4
190,3
190,2
190,1
190,0
189,3
189,2
189,1
189,0
185,3
185,2
185,1
185,0
182,3
182,2
182,1
182,0
181,3
181,2
181,1
181,0
177,5
177,4
177,3
177,2
177,1
177,0
175,5
175,4
175,1
175,3
175,2
